field=QQ
m2_t1_sha256=41b4c265685a5f5c3c9f720167734647fc14b82f4571c1f8b7d69e506f043ffd
foundation_sha256=46c33e7fa599ac877ebbcdbae06877a9fe357712319c517b2b5431927bf802f1
raw_dimension=1664
derivation_rank=56
historical_t1_dimension=53
m2_t1_dimension=53
old_from_m2_rank=53
old_from_m2_determinant=-1
old_from_m2_nnz=53
old_index_by_m2_column=(1, 2, 3, 4, 5, 11, 12, 13, 14, 15, 16, 17, 19, 20, 21, 25, 26, 28, 29, 30, 32, 33, 34, 35, 36, 40, 43, 44, 45, 46, 49, 50, 51, 52, 53, 8, 9, 7, 6, 23, 22, 37, 27, 39, 18, 10, 38, 47, 48, 31, 42, 24, 41)
historical_point=(1, 3, 1, 2, 6, 1, 7, 3, 14, 4, 1, 1, 1, 1, 1, 21, 28, 1, 1, 5, 10, 1, 9, 8, 55, 66, 12, 15, 1, 18, 1, 2, 35, 42, 1, 4, 6, 22, 20, 10, 11, 1, 1, 25, 12, 30, 1, 15, 5, 33, 44, 1, 6)
transported_m2_point=(1, 3, 1, 2, 6, 1, 1, 1, 1, 1, 21, 28, 1, 5, 10, 55, 66, 15, 1, 18, 2, 35, 42, 1, 4, 10, 1, 25, 12, 30, 5, 33, 44, 1, 6, 3, 14, 7, 1, 9, 1, 6, 12, 20, 1, 4, 22, 1, 15, 1, 1, 8, 11)
all_coordinates_nonzero=True
